1	100962809	187	148	44.17910448
1	158166365	310	180	36.73469388
1	173632485	98	157	61.56862745
1	184912328	286	145	33.64269142
1	211369639	157	232	59.64010283
1	229223995	217	433	66.61538462
1	243354945	178	304	63.07053942
2	32543201	88	113	56.21890547
2	89897314	136	95	41.12554113
2	99304885	85	60	41.37931034
2	206590756	89	72	44.72049689
3	87381802	111	57	33.92857143
4	68867144	123	89	41.98113208
4	111690149	156	155	49.8392283
4	126458004	105	91	46.42857143
5	5292990	176	262	59.8173516
5	79062813	456	730	61.55143339
5	140605948	166	82	33.06451613
5	179673511	67	22	24.71910112
6	27947812	89	64	41.83006536
7	4136173	335	51	13.21243523
8	69783867	351	282	44.54976303
10	34666283	114	104	47.70642202
10	45463911	147	125	45.95588235
10	102042727	143	116	44.78764479
11	55380150	437	227	34.18674699
11	64402239	39	20	33.89830508
11	133159366	126	47	27.16763006
12	47206452	237	156	39.69465649
12	70953372	63	39	38.23529412
12	88268523	41	38	48.10126582
12	109367659	90	71	44.09937888
12	129500761	106	99	48.29268293
13	25241251	111	148	57.14285714
13	37218346	192	232	54.71698113
14	102956004	48	54	52.94117647
14	106184988	43	42	49.41176471
14	106249967	91	51	35.91549296
15	20048937	52	39	42.85714286
15	80209843	353	118	25.05307856
16	27659620	154	90	36.8852459
17	45969040	90	90	50
19	10223687	164	74	31.09243697
19	14011596	54	24	30.76923077
19	44560290	276	237	46.19883041
22	21553377	43	41	48.80952381
22	28216677	82	72	46.75324675
1	21981082	93	82	46.85714286
1	37052466	92	117	55.98086124
1	60894619	122	95	43.77880184
1	79592761	207	148	41.69014085
1	118958593	139	116	45.49019608
1	162849808	275	380	58.01526718
1	167961590	290	460	61.33333333
1	174997877	198	86	30.28169014
1	194714266	131	236	64.30517711
2	5752403	34	29	46.03174603
2	23563963	67	45	40.17857143
2	43905468	75	48	39.02439024
2	49593011	69	78	53.06122449
2	55242401	261	156	37.41007194
2	84052700	65	77	54.22535211
2	104651987	98	78	44.31818182
2	124170744	121	83	40.68627451
2	132890896	187	28	13.02325581
2	138386619	119	100	45.66210046
2	140299410	130	125	49.01960784
2	141809240	303	221	42.17557252
2	148233589	113	109	49.0990991
2	168887269	109	126	53.61702128
2	184080212	222	177	44.36090226
2	192461323	164	143	46.57980456
2	202683120	225	191	45.91346154
2	204192168	208	156	42.85714286
2	217916465	120	101	45.70135747
2	219905341	176	150	46.01226994
2	232285701	38	33	46.47887324
2	233987779	170	140	45.16129032
2	238373889	55	66	54.54545455
3	4999476	78	40	33.89830508
3	10567774	272	99	26.68463612
3	29151121	98	155	61.26482213
3	35781013	364	167	31.45009416
3	50467921	82	39	32.23140496
3	68798625	189	71	27.30769231
3	79054036	203	101	33.22368421
3	79564540	390	179	31.45869947
3	82329938	359	185	34.00735294
3	104634270	128	71	35.67839196
3	104841330	356	172	32.57575758
3	111228729	240	390	61.9047619
3	111462546	204	74	26.61870504
3	117425136	169	85	33.46456693
3	125242369	158	290	64.73214286
3	147269136	42	72	63.15789474
3	148040818	188	79	29.58801498
3	148077519	253	119	31.98924731
3	148453690	28	46	62.16216216
3	148569411	391	180	31.52364273
3	151014750	72	105	59.3220339
3	172296652	227	99	30.36809816
3	173085774	169	339	66.73228346
3	188944482	60	85	58.62068966
3	188945047	31	44	58.66666667
3	188945109	26	38	59.375
3	191764321	119	204	63.15789474
3	195115797	136	57	29.53367876
4	15939432	522	462	46.95121951
4	25949169	45	46	50.54945055
4	45895622	53	60	53.09734513
4	58036684	72	81	52.94117647
4	59993390	149	135	47.53521127
4	60309193	107	78	42.16216216
4	68870230	146	119	44.90566038
4	97933249	231	170	42.39401496
4	116885682	74	49	39.83739837
4	135417323	37	42	53.16455696
4	138786474	45	46	50.54945055
4	144769646	158	104	39.69465649
4	158224316	41	39	48.75
4	161272118	209	160	43.3604336
4	174626786	135	20	12.90322581
4	181292771	171	131	43.37748344
4	182746425	133	86	39.26940639
4	183270899	197	182	48.02110818
4	183953952	65	43	39.81481481
4	188441194	122	83	40.48780488
5	3906639	194	87	30.96085409
5	11466052	162	86	34.67741935
5	22779720	94	47	33.33333333
5	27057672	85	61	41.78082192
5	30558641	185	85	31.48148148
5	33582275	60	43	41.74757282
5	37955050	396	173	30.40421793
5	45604895	135	288	68.08510638
5	50300952	119	71	37.36842105
5	51814081	261	144	35.55555556
5	51955233	56	162	74.31192661
5	52643802	132	165	55.55555556
5	61101771	349	167	32.36434109
5	73820347	166	81	32.79352227
5	78596242	209	98	31.9218241
5	91880993	34	87	71.90082645
5	102372177	58	96	62.33766234
5	104009374	351	116	24.83940043
5	107424555	104	175	62.72401434
5	110103328	69	33	32.35294118
5	125177715	292	141	32.56351039
5	131309299	76	27	26.21359223
5	140876420	240	120	33.33333333
5	142220112	559	259	31.66259169
5	149407316	204	98	32.45033113
5	154922175	1065	486	31.33462282
5	158335321	223	111	33.23353293
5	165137045	284	143	33.48946136
5	165394961	129	213	62.28070175
5	169483263	205	66	24.35424354
5	174296162	139	66	32.19512195
6	959437	51	54	51.42857143
6	7279337	43	36	45.56962025
6	28237301	104	87	45.54973822
6	47162356	121	106	46.69603524
6	67562281	80	77	49.04458599
6	68045233	129	97	42.92035398
6	69702322	43	45	51.13636364
6	79776733	217	151	41.0326087
6	81911798	281	310	52.4534687
6	86742760	180	142	44.09937888
6	89470881	186	174	48.33333333
6	98359687	186	29	13.48837209
6	99302037	293	246	45.64007421
6	102893975	116	123	51.46443515
6	103435692	80	68	45.94594595
6	104167384	174	124	41.61073826
6	104579471	57	61	51.69491525
6	105983015	268	274	50.55350554
6	119887500	142	78	35.45454545
6	121794064	142	165	53.74592834
6	165575589	57	43	43
7	2896591	212	94	30.71895425
7	14370682	378	214	36.14864865
7	18760846	184	283	60.59957173
7	35475684	131	253	65.88541667
7	40335408	286	118	29.20792079
7	43323756	114	63	35.59322034
7	49863053	439	179	28.96440129
7	56576158	258	116	31.01604278
7	71369804	318	148	31.75965665
7	89025539	117	59	33.52272727
7	95903802	432	157	26.65534805
7	97926658	273	147	35
7	110190303	200	345	63.30275229
7	117000226	889	189	17.53246753
7	118453870	264	465	63.78600823
7	122452959	305	485	61.39240506
7	129441822	108	202	65.16129032
7	131915682	155	83	34.87394958
7	145351961	158	87	35.51020408
7	153559970	249	509	67.15039578
7	153628616	156	78	33.33333333
8	67960346	48	48	50
8	81506558	84	73	46.49681529
8	87337177	86	63	42.28187919
8	89460169	411	346	45.70673712
8	90446935	28	19	40.42553191
8	102285820	76	64	45.71428571
8	102518468	92	64	41.02564103
8	104120975	109	65	37.35632184
8	104746857	121	85	41.26213592
8	106740468	138	111	44.57831325
8	137292994	115	91	44.17475728
8	142683275	37	31	45.58823529
9	7563184	480	241	33.4257975
9	8931332	246	73	22.88401254
9	14285215	130	41	23.97660819
9	19938379	53	145	73.23232323
9	23253746	191	60	23.90438247
9	28641957	153	279	64.58333333
9	31367969	99	182	64.76868327
9	37071073	105	35	25
9	81876489	203	305	60.03937008
9	89344031	190	83	30.4029304
9	95663699	338	163	32.53493014
9	103769739	132	192	59.25925926
9	104967869	58	38	39.58333333
9	108228265	154	75	32.7510917
9	110162201	110	165	60
9	111056644	223	89	28.52564103
9	137453963	124	63	33.68983957
10	7247319	83	58	41.13475177
10	8334284	100	67	40.11976048
10	53725977	100	104	50.98039216
10	59839764	174	150	46.2962963
10	94949161	149	143	48.97260274
10	97715752	34	23	40.35087719
10	102228789	109	82	42.93193717
10	126866230	187	173	48.05555556
10	132257703	260	248	48.81889764
11	4915227	388	644	62.40310078
11	68636519	44	21	32.30769231
11	69358062	72	34	32.0754717
11	72678296	72	35	32.71028037
11	103391316	92	121	56.80751174
11	116825989	381	174	31.35135135
12	1287439	350	307	46.72754947
12	2383648	114	87	43.28358209
12	3013621	10	82	89.13043478
12	34381705	53	29	35.36585366
12	59041570	211	170	44.61942257
12	62618630	244	220	47.4137931
12	72980844	38	50	56.81818182
12	73722752	174	174	50
12	84174518	47	37	44.04761905
12	96827369	442	337	43.2605905
12	116510054	166	149	47.3015873
13	29267708	45	61	57.54716981
13	36393337	55	47	46.07843137
13	57056258	172	132	43.42105263
13	69589514	57	53	48.18181818
13	80128082	115	87	43.06930693
13	83516840	83	59	41.54929577
13	86320091	43	53	55.20833333
13	92345147	162	153	48.57142857
13	105068110	111	86	43.65482234
13	105887593	51	56	52.3364486
14	40091423	84	82	49.39759036
14	46414798	33	36	52.17391304
14	51850307	168	124	42.46575342
14	77679716	114	101	46.97674419
15	24853786	274	104	27.51322751
15	35955096	134	60	30.92783505
15	57450909	115	123	51.68067227
15	72240315	131	28	17.61006289
15	74425805	44	46	51.11111111
15	92933702	101	94	48.20512821
15	99252083	99	29	22.65625
16	23794930	209	182	46.54731458
16	46945041	73	67	47.85714286
16	50393108	200	131	39.57703927
16	50835350	334	50	13.02083333
16	51152004	103	98	48.75621891
16	58417010	159	97	37.890625
16	59192981	61	38	38.38383838
16	61363432	140	110	44
16	62906667	155	100	39.21568627
16	82683158	102	63	38.18181818
16	85718912	125	138	52.47148289
17	10070781	374	53	12.41217799
17	21919680	151	110	42.14559387
17	29130549	129	94	42.15246637
17	33186405	172	125	42.08754209
17	41294649	131	120	47.80876494
17	45172267	103	74	41.8079096
17	49672288	48	47	49.47368421
17	62480819	41	56	57.73195876
17	65588739	243	200	45.14672686
17	76661945	41	23	35.9375
18	19631707	86	40	31.74603175
18	36695353	326	148	31.22362869
18	39373231	155	89	36.47540984
18	41489707	120	50	29.41176471
18	43295032	82	25	23.36448598
18	48619675	363	157	30.19230769
18	48788601	236	86	26.70807453
18	50073154	95	44	31.65467626
18	58206828	240	128	34.7826087
18	66928478	381	192	33.5078534
18	67180507	444	210	32.11009174
18	69207226	142	55	27.91878173
18	69514846	144	55	27.63819095
19	8317388	28	49	63.63636364
19	16009908	65	111	63.06818182
19	16038883	95	43	31.15942029
19	18357657	127	57	30.97826087
19	46718982	60	56	48.27586207
19	58073048	86	77	47.2392638
19	61387541	154	121	44
20	7019319	86	71	45.22292994
20	8760190	62	32	34.04255319
20	10975578	124	106	46.08695652
20	16326262	113	85	42.92929293
20	40210156	249	252	50.2994012
20	46573776	54	47	46.53465347
20	60239857	49	35	41.66666667
21	18918459	303	303	50
21	19257074	228	148	39.36170213
21	22451967	481	124	20.49586777
21	26297423	377	130	25.64102564
21	27139197	134	50	27.17391304
21	40960349	741	235	24.07786885
22	27931508	46	49	51.57894737
22	39486597	49	39	44.31818182
22	43047654	25	35	58.33333333
1	7328724	102	72	41.37931034
1	18406592	332	282	45.92833876
1	30258866	102	72	41.37931034
1	33796255	205	170	45.33333333
1	39052622	62	49	44.14414414
1	42241858	149	135	47.53521127
1	44739194	38	34	47.22222222
1	46501425	238	213	47.22838137
1	49931133	92	76	45.23809524
1	50411213	78	60	43.47826087
1	57117947	129	81	38.57142857
1	63608796	84	35	29.41176471
1	64720529	74	69	48.25174825
1	69084527	215	171	44.30051813
1	69990312	161	129	44.48275862
1	70997946	29	37	56.06060606
1	72012187	88	61	40.93959732
1	73552678	57	48	45.71428571
1	73956842	78	51	39.53488372
1	74063271	74	57	43.51145038
1	74089582	81	53	39.55223881
1	74356813	90	58	39.18918919
1	76801144	308	212	40.76923077
1	76958281	149	95	38.93442623
1	77915802	78	51	39.53488372
1	80579723	45	34	43.03797468
1	82142552	75	48	39.02439024
1	82383006	181	129	41.61290323
1	88035759	153	93	37.80487805
1	89159777	174	158	47.59036145
1	89285560	61	65	51.58730159
1	90402848	229	252	52.39085239
1	90522960	128	78	37.86407767
1	95720292	157	133	45.86206897
1	95800205	125	36	22.36024845
1	95800725	168	52	23.63636364
1	96321667	313	368	54.03817915
1	96406840	154	86	35.83333333
1	97791384	66	50	43.10344828
1	98645562	56	43	43.43434343
1	102874610	244	176	41.9047619
1	103172295	122	126	50.80645161
1	105492864	178	134	42.94871795
1	109081742	48	30	38.46153846
1	118910824	69	39	36.11111111
1	119418735	139	130	48.32713755
1	148379717	197	99	33.44594595
1	150307487	169	329	66.06425703
1	159540896	183	79	30.15267176
1	163672764	139	68	32.85024155
1	168151219	47	75	61.47540984
1	168962556	180	300	62.5
1	173835757	159	260	62.05250597
1	176026719	148	257	63.45679012
1	181506937	205	85	29.31034483
1	182863630	334	169	33.59840954
1	184473917	798	350	30.48780488
1	185352914	159	82	34.02489627
1	185970125	103	147	58.8
1	185981667	139	70	33.49282297
1	187039491	53	85	61.5942029
1	187621949	283	189	40.04237288
1	187715625	106	195	64.78405316
1	187743595	108	120	52.63157895
1	187848783	23	56	70.88607595
1	188021358	97	172	63.94052045
1	189763332	80	180	69.23076923
1	192744400	117	47	28.65853659
1	192929706	21	57	73.07692308
1	196491091	174	278	61.50442478
1	198496826	184	311	62.82828283
1	203441515	167	82	32.93172691
1	209256043	124	224	64.36781609
1	209890921	227	82	26.53721683
1	210185254	71	111	60.98901099
1	212633865	372	155	29.41176471
1	213383381	197	316	61.59844055
1	214015128	96	180	65.2173913
1	214049047	133	247	65
1	215067903	176	81	31.51750973
1	217872287	40	61	60.3960396
1	219750128	207	95	31.45695364
1	220605817	544	248	31.31313131
1	234636690	164	218	57.06806283
1	235903137	271	124	31.39240506
1	238600235	77	46	37.39837398
1	239036302	193	110	36.30363036
1	244177474	193	81	29.5620438
2	1349269	42	36	46.15384615
2	1740463	95	16	14.41441441
2	1924653	105	98	48.27586207
2	2379210	150	108	41.86046512
2	4115895	294	244	45.35315985
2	4803517	147	143	49.31034483
2	7630548	112	86	43.43434343
2	12504545	173	159	47.89156627
2	13309061	334	286	46.12903226
2	14136938	167	129	43.58108108
2	17860175	108	91	45.72864322
2	18095766	90	79	46.74556213
2	18450821	109	117	51.7699115
2	23496860	197	123	38.4375
2	24801165	42	29	40.84507042
2	28061912	84	72	46.15384615
2	28404263	178	131	42.39482201
2	29860583	155	131	45.8041958
2	32474462	102	92	47.42268041
2	33756939	52	50	49.01960784
2	40331600	74	38	33.92857143
2	49235891	168	142	45.80645161
2	49567528	354	288	44.85981308
2	49667413	206	176	46.07329843
2	49783216	168	131	43.81270903
2	49896472	76	76	50
2	50099215	180	140	43.75
2	50343697	200	163	44.90358127
2	50480919	80	93	53.75722543
2	52601261	95	95	50
2	55967433	69	68	49.6350365
2	67544495	67	61	47.65625
2	68438103	92	90	49.45054945
2	70052097	71	52	42.27642276
2	70632337	41	35	46.05263158
2	70794496	138	109	44.12955466
2	74225795	89	89	50
2	75508569	155	121	43.84057971
2	76499970	142	113	44.31372549
2	76938242	129	93	41.89189189
2	77813086	187	152	44.83775811
2	78437174	151	101	40.07936508
2	78718832	140	112	44.44444444
2	78976040	98	76	43.67816092
2	79274629	188	147	43.88059701
2	79623045	77	71	47.97297297
2	80007167	101	95	48.46938776
2	80135007	289	275	48.75886525
2	80159490	159	117	42.39130435
2	80164396	97	56	36.60130719
2	81239967	97	109	52.91262136
2	81570666	106	82	43.61702128
2	81577354	197	141	41.71597633
2	81654511	53	49	48.03921569
2	82326315	47	39	45.34883721
2	82649311	105	101	49.02912621
2	83098473	116	19	14.07407407
2	85748697	133	132	49.81132075
2	88932648	31	252	89.0459364
2	89029360	6	78	92.85714286
2	95525509	107	88	45.12820513
2	97773662	58	46	44.23076923
2	100389908	84	51	37.77777778
2	102658282	105	91	46.42857143
2	103147102	177	165	48.24561404
2	103390363	46	41	47.12643678
2	105137219	98	97	49.74358974
2	108057260	183	183	50
2	114943864	172	179	50.997151
2	115115999	126	90	41.66666667
2	115180202	172	147	46.0815047
2	116618814	212	227	51.70842825
2	116748766	66	84	56
2	117097470	72	68	48.57142857
2	117172074	89	83	48.25581395
2	117243152	78	49	38.58267717
2	121039593	44	37	45.67901235
2	121558588	64	30	31.91489362
2	123476778	50	49	49.49494949
2	123913412	147	149	50.33783784
2	124485677	122	117	48.9539749
2	125253866	329	251	43.27586207
2	127337637	93	58	38.41059603
2	130072289	182	150	45.18072289
2	132757209	59	31	34.44444444
2	133201259	111	104	48.37209302
2	133851092	147	109	42.578125
2	135739752	96	97	50.25906736
2	138219750	214	182	45.95959596
2	139702250	153	124	44.76534296
2	140108148	152	149	49.50166113
2	140900170	263	240	47.71371769
2	141109434	57	28	32.94117647
2	141174963	66	66	50
2	142192041	106	86	44.79166667
2	145502009	87	73	45.625
2	147478439	64	44	40.74074074
2	150294869	148	129	46.57039711
2	151355933	109	92	45.77114428
2	152732846	48	45	48.38709677
2	152849986	161	128	44.29065744
2	153694690	142	100	41.32231405
2	158983980	37	35	48.61111111
2	159796148	76	46	37.70491803
2	160218104	32	35	52.23880597
2	160818988	133	99	42.67241379
2	164003426	286	189	39.78947368
2	164553858	42	32	43.24324324
2	165713794	83	66	44.29530201
2	166007629	35	40	53.33333333
2	166550967	84	55	39.56834532
2	167378917	106	73	40.78212291
2	170555262	52	37	41.57303371
2	179526808	238	242	50.41666667
2	186741911	91	69	43.125
2	193039658	65	70	51.85185185
2	194132070	75	56	42.7480916
2	194181368	69	73	51.4084507
2	194249368	74	27	26.73267327
2	194331202	181	167	47.98850575
2	195288964	140	97	40.92827004
2	196534677	116	99	46.04651163
2	199217019	150	113	42.96577947
2	200386245	49	39	44.31818182
2	206038609	153	120	43.95604396
2	208412427	130	100	43.47826087
2	209851627	240	92	27.71084337
2	212004189	58	41	41.41414141
2	213769750	65	78	54.54545455
2	222872672	75	55	42.30769231
2	227439018	83	107	56.31578947
2	234529081	139	39	21.91011236
2	239323164	158	173	52.26586103
2	240155656	110	90	45
3	1152054	159	84	34.56790123
3	2215045	211	96	31.27035831
3	2538634	269	522	65.99241466
3	2915852	96	193	66.78200692
3	2916527	80	136	62.96296296
3	8961947	219	103	31.98757764
3	11390161	148	79	34.80176211
3	12148097	152	238	61.02564103
3	12148179	128	168	56.75675676
3	12577246	297	121	28.94736842
3	14328449	427	191	30.90614887
3	14578618	130	65	33.33333333
3	14680916	352	123	25.89473684
3	17705584	110	49	30.81761006
3	19227436	234	451	65.83941606
3	19659309	77	34	30.63063063
3	24503526	90	39	30.23255814
3	25606287	277	107	27.86458333
3	25926329	58	22	27.5
3	27878446	234	87	27.10280374
3	29085476	115	46	28.57142857
3	30752365	56	136	70.83333333
3	34872777	146	215	59.5567867
3	35140899	208	96	31.57894737
3	35151811	118	58	32.95454545
3	35725901	253	152	37.5308642
3	37655458	380	74	16.29955947
3	37720964	267	131	32.91457286
3	41203027	119	40	25.1572327
3	46210452	209	83	28.42465753
3	53909902	230	126	35.39325843
3	54397734	121	261	68.32460733
3	55621597	206	94	31.33333333
3	56395614	103	46	30.87248322
3	56437754	99	155	61.02362205
3	64839129	187	302	61.75869121
3	65382581	100	171	63.099631
3	68759907	702	316	31.04125737
3	70615378	259	131	33.58974359
3	70661406	326	148	31.22362869
3	72808618	341	130	27.60084926
3	74614496	570	1042	64.64019851
3	74655983	125	236	65.37396122
3	76702640	254	127	33.33333333
3	76945867	106	172	61.8705036
3	77198409	118	167	58.59649123
3	77471447	176	85	32.56704981
3	77835876	108	63	36.84210526
3	78127874	207	105	33.65384615
3	80340469	70	35	33.33333333
3	80828033	155	56	26.54028436
3	82988397	152	277	64.56876457
3	83547215	102	177	63.44086022
3	84030866	125	49	28.16091954
3	84107626	124	215	63.42182891
3	84284249	42	48	53.33333333
3	85072399	201	73	26.64233577
3	86415531	218	381	63.60601002
3	86427220	386	158	29.04411765
3	87132149	212	113	34.76923077
3	88011684	173	95	35.44776119
3	88455077	52	94	64.38356164
3	88887069	189	83	30.51470588
3	88984143	168	55	24.66367713
3	89782853	118	59	33.33333333
3	96250440	192	96	33.33333333
3	96496309	230	97	29.66360856
3	96718474	264	101	27.67123288
3	98165071	214	94	30.51948052
3	99510389	502	212	29.69187675
3	100954909	252	154	37.93103448
3	103922677	226	132	36.87150838
3	105434175	288	153	34.69387755
3	108548800	85	49	36.56716418
3	109791518	97	34	25.95419847
3	111071302	193	125	39.3081761
3	111363541	64	26	28.88888889
3	112048953	431	209	32.65625
3	112109812	142	55	27.91878173
3	113477754	206	92	30.87248322
3	115077155	139	60	30.15075377
3	115407893	263	130	33.07888041
3	116468180	251	101	28.69318182
3	118303536	288	121	29.58435208
3	118418408	198	276	58.2278481
3	118433793	263	123	31.86528497
3	119213334	561	258	31.5018315
3	119648112	479	185	27.86144578
3	125183297	71	149	67.72727273
3	132061257	161	82	33.74485597
3	132424764	330	144	30.37974684
3	135290015	182	78	30
3	136701828	268	105	28.15013405
3	140328171	260	109	29.53929539
3	141222521	355	160	31.06796117
3	143089913	68	132	66
3	144279235	68	133	66.16915423
3	144546060	102	34	25
3	145206986	45	27	37.5
3	145306116	57	72	55.81395349
3	145477720	49	24	32.87671233
3	145677814	488	215	30.58321479
3	145763631	440	195	30.70866142
3	146181673	120	47	28.14371257
3	146630292	144	245	62.98200514
3	146985419	188	289	60.5870021
3	147068039	227	105	31.62650602
3	148993441	248	124	33.33333333
3	152344074	466	185	28.41781874
3	159021881	197	339	63.24626866
3	161681010	155	65	29.54545455
3	163434160	333	159	32.31707317
3	164181417	217	87	28.61842105
3	164590444	82	131	61.50234742
3	165150856	327	156	32.29813665
3	165207111	44	88	66.66666667
3	165434340	343	155	31.12449799
3	165503015	191	75	28.19548872
3	165554275	253	115	31.25
3	165822324	86	33	27.73109244
3	166328257	81	115	58.67346939
3	166482156	156	41	20.81218274
3	166603037	146	50	25.51020408
3	167057063	74	127	63.1840796
3	167906800	136	246	64.39790576
3	168399008	58	38	39.58333333
3	173094076	164	243	59.70515971
3	174388537	75	92	55.08982036
3	174685330	265	471	63.99456522
3	175328759	200	93	31.74061433
3	175498590	195	357	64.67391304
3	175800844	83	30	26.54867257
3	176104271	130	66	33.67346939
3	176459796	199	103	34.10596026
3	176737928	98	163	62.45210728
3	177412025	68	35	33.98058252
3	189142843	140	173	55.2715655
3	189158366	114	49	30.06134969
3	189158458	72	40	35.71428571
3	189440757	235	123	34.3575419
3	189953894	102	221	68.42105263
3	189953908	111	235	67.91907514
3	189954103	75	117	60.9375
3	190209465	408	175	30.01715266
3	194755804	115	174	60.20761246
3	198207053	148	63	29.85781991
4	3685473	69	69	50
4	9740579	84	52	38.23529412
4	10212402	100	95	48.71794872
4	11083941	197	182	48.02110818
4	12388485	183	143	43.86503067
4	13806357	117	86	42.36453202
4	13914243	66	59	47.2
4	15918254	212	162	43.31550802
4	16394461	129	97	42.92035398
4	19017401	44	35	44.30379747
4	20801839	131	93	41.51785714
4	21158266	84	76	47.5
4	21243289	76	57	42.85714286
4	21911588	606	59	8.872180451
4	25901871	62	58	48.33333333
4	27284958	90	103	53.36787565
4	28268579	77	47	37.90322581
4	28430548	128	137	51.69811321
4	29241976	125	85	40.47619048
4	29586996	117	94	44.54976303
4	29962020	79	73	48.02631579
4	30191522	112	94	45.63106796
4	30593530	136	118	46.45669291
4	31817298	60	46	43.39622642
4	32308603	120	111	48.05194805
4	32366227	39	40	50.63291139
4	32605535	102	132	56.41025641
4	32822234	110	100	47.61904762
4	33887213	213	143	40.16853933
4	34131805	119	84	41.37931034
4	34165302	100	108	51.92307692
4	37332473	84	86	50.58823529
4	39875917	88	61	40.93959732
4	44662246	201	155	43.53932584
4	44779310	270	251	48.17658349
4	44870348	174	133	43.32247557
4	46429518	64	62	49.20634921
4	46899826	294	216	42.35294118
4	46902136	175	129	42.43421053
4	58359404	159	104	39.54372624
4	59835408	113	95	45.67307692
4	59875157	84	80	48.7804878
4	59912619	124	112	47.45762712
4	59959292	146	81	35.68281938
4	60161424	127	94	42.53393665
4	60481906	211	184	46.58227848
4	60958783	97	89	47.84946237
4	61088756	140	130	48.14814815
4	61226879	120	113	48.49785408
4	61432999	181	165	47.68786127
4	62180075	46	44	48.88888889
4	62775595	76	52	40.625
4	62938420	85	76	47.20496894
4	62947869	110	117	51.54185022
4	64791596	127	77	37.74509804
4	65102218	78	37	32.17391304
4	65582022	213	160	42.89544236
4	66267143	180	171	48.71794872
4	66776699	172	138	44.51612903
4	67219661	134	22	14.1025641
4	73065258	53	37	41.11111111
4	75032289	71	91	56.17283951
4	75890342	193	58	23.10756972
4	79802949	92	68	42.5
4	85163788	136	119	46.66666667
4	87761464	96	79	45.14285714
4	90957458	102	115	52.99539171
4	92534895	57	54	48.64864865
4	92634898	44	36	45
4	92691653	94	43	31.38686131
4	93404179	55	39	41.4893617
4	94298737	162	129	44.32989691
4	94364097	82	69	45.69536424
4	94383767	176	143	44.82758621
4	96534573	81	86	51.49700599
4	96816682	177	161	47.63313609
4	97159132	119	120	50.20920502
4	97291087	52	42	44.68085106
4	97736996	89	72	44.72049689
4	98334910	52	42	44.68085106
4	98494954	61	29	32.22222222
4	98803465	59	47	44.33962264
4	101781554	111	103	48.13084112
4	105645049	193	31	13.83928571
4	108488369	95	81	46.02272727
4	109993026	54	80	59.70149254
4	115955135	81	67	45.27027027
4	116470202	46	44	48.88888889
4	118307692	45	49	52.12765957
4	118370616	75	75	50
4	118549636	46	36	43.90243902
4	119345982	161	122	43.10954064
4	120879312	118	114	49.13793103
4	121078281	154	148	49.00662252
4	122972426	53	31	36.9047619
4	125832192	95	91	48.92473118
4	125911543	90	54	37.5
4	126798450	63	62	49.6
4	127041821	117	118	50.21276596
4	131168793	93	65	41.13924051
4	131454730	49	67	57.75862069
4	133697653	33	34	50.74626866
4	134047888	67	43	39.09090909
4	134254336	89	76	46.06060606
4	134524208	35	31	46.96969697
4	134663280	78	47	37.6
4	134774456	167	141	45.77922078
4	134853079	76	75	49.66887417
4	135285088	88	73	45.34161491
4	135297200	53	37	41.11111111
4	135530727	158	143	47.50830565
4	135660696	73	43	37.06896552
4	135757159	72	38	34.54545455
4	135948418	190	168	46.9273743
4	136349945	108	80	42.55319149
4	136468931	135	110	44.89795918
4	136927350	112	117	51.09170306
4	137061918	148	128	46.37681159
4	137307702	49	39	44.31818182
4	137597219	37	48	56.47058824
4	141053988	61	48	44.03669725
4	143199755	130	117	47.36842105
4	143582670	112	98	46.66666667
4	144330244	86	91	51.41242938
4	145328211	137	92	40.17467249
4	146328363	43	31	41.89189189
4	147044061	230	201	46.63573086
4	149340034	196	164	45.55555556
4	150340129	58	60	50.84745763
4	150439292	54	54	50
4	150460825	46	41	47.12643678
4	151225138	84	52	38.23529412
4	152755654	138	96	41.02564103
4	154085475	102	67	39.64497041
4	155826119	254	194	43.30357143
4	156840560	62	45	42.05607477
4	157132651	122	94	43.51851852
4	157559100	178	147	45.23076923
4	157710359	116	86	42.57425743
4	157738497	320	281	46.75540765
4	157909972	49	36	42.35294118
4	158909855	99	89	47.34042553
4	161100056	168	158	48.46625767
4	161288981	167	142	45.95469256
4	161560517	97	87	47.2826087
4	162546710	60	53	46.90265487
4	162764967	61	33	35.10638298
4	162870180	95	79	45.40229885
4	163581405	38	39	50.64935065
4	173071028	149	127	46.01449275
4	178805525	69	53	43.44262295
4	179673756	54	54	50
4	179744315	39	42	51.85185185
4	179814916	117	134	53.38645418
4	180534136	85	84	49.70414201
4	181146819	102	89	46.59685864
4	181191428	182	150	45.18072289
4	181192179	156	109	41.13207547
4	181240662	35	36	50.70422535
4	181333495	175	166	48.68035191
4	181430626	124	95	43.37899543
4	181636405	63	53	45.68965517
4	181797993	138	133	49.07749077
4	182036757	59	59	50
4	182076670	29	33	53.22580645
4	182648781	88	82	48.23529412
4	182743508	105	100	48.7804878
4	183317399	114	88	43.56435644
4	183410857	108	89	45.17766497
4	183432834	124	100	44.64285714
4	183438462	57	48	45.71428571
4	183563367	129	97	42.92035398
4	183959840	73	65	47.10144928
4	184074017	42	43	50.58823529
4	184328160	284	249	46.71669794
4	187024755	174	117	40.20618557
4	187832259	189	141	42.72727273
4	187840256	170	144	45.85987261
4	187931755	166	162	49.3902439
4	188678799	73	130	64.03940887
5	580762	46	26	36.11111111
5	8542868	88	178	66.91729323
5	9137335	141	59	29.5
5	9268036	540	218	28.75989446
5	9848568	245	103	29.59770115
5	11799368	936	342	26.76056338
5	12196266	157	113	41.85185185
5	16149757	228	118	34.10404624
5	16464671	229	421	64.76923077
5	17660296	49	39	44.31818182
5	19489323	92	43	31.85185185
5	21946715	113	238	67.80626781
5	22137140	72	45	38.46153846
5	22746801	176	271	60.62639821
5	22769770	195	96	32.98969072
5	22873466	367	63	14.65116279
5	23128574	131	64	32.82051282
5	23834603	201	106	34.5276873
5	25680595	84	150	64.1025641
5	25696598	74	156	67.82608696
5	25768980	92	176	65.67164179
5	26754143	235	92	28.13455657
5	27059038	110	243	68.83852691
5	27427383	177	95	34.92647059
5	27499251	101	40	28.36879433
5	28246387	59	89	60.13513514
5	28359765	179	93	34.19117647
5	28438147	174	76	30.4
5	28670575	179	56	23.82978723
5	30539864	380	181	32.26381462
5	31292004	124	96	43.63636364
5	33096949	123	227	64.85714286
5	33727829	286	122	29.90196078
5	35906038	253	119	31.98924731
5	38407536	267	107	28.60962567
5	40045625	143	51	26.28865979
5	41160970	207	112	35.10971787
5	42552749	203	104	33.8762215
5	44758289	310	140	31.11111111
5	51922309	74	139	65.25821596
5	57109727	176	78	30.70866142
5	63151187	61	31	33.69565217
5	63441655	288	544	65.38461538
5	64031546	164	64	28.07017544
5	68444460	123	57	31.66666667
5	76797917	73	41	35.96491228
5	77456726	117	201	63.20754717
5	83113703	92	43	31.85185185
5	86229161	177	63	26.25
5	86377315	54	25	31.64556962
5	87237777	96	58	37.66233766
5	95152837	157	81	34.03361345
5	95581520	701	274	28.1025641
5	96096920	529	236	30.8496732
5	98621935	83	35	29.66101695
5	101311216	208	94	31.12582781
5	102913319	75	40	34.7826087
5	103259936	57	122	68.15642458
5	104491089	138	63	31.34328358
5	104554778	115	61	34.65909091
5	104711276	165	85	34
5	104775244	232	105	31.15727003
5	104981324	272	116	29.89690722
5	104989228	196	75	27.67527675
5	106021357	82	171	67.58893281
5	106814632	105	196	65.11627907
5	108026428	630	328	34.23799582
5	108713939	48	88	64.70588235
5	117594536	115	213	64.93902439
5	120752164	160	71	30.73593074
5	123632134	189	84	30.76923077
5	129235654	485	226	31.7862166
5	129400866	166	300	64.3776824
5	131115141	184	56	23.33333333
5	132613788	36	56	60.86956522
5	135836333	129	59	31.38297872
5	137248663	49	59	54.62962963
5	139414476	332	190	36.39846743
5	139437786	155	68	30.49327354
5	143548418	285	117	29.10447761
5	144580182	119	54	31.21387283
5	145298227	154	299	66.00441501
5	151630234	386	164	29.81818182
5	152421081	145	269	64.97584541
5	155193959	242	61	20.1320132
5	155639859	233	418	64.20890937
5	157663194	108	29	21.16788321
5	159628188	107	51	32.27848101
5	162003631	423	205	32.6433121
5	163057203	134	215	61.60458453
5	165283002	227	93	29.0625
5	165364554	123	238	65.92797784
5	165720484	116	55	32.16374269
5	165768716	127	114	47.30290456
5	167855084	192	88	31.42857143
5	168056447	140	65	31.70731707
5	174608174	414	147	26.20320856
5	178722287	104	56	35
5	178922829	108	46	29.87012987
6	1763506	75	48	39.02439024
6	5370383	70	68	49.27536232
6	13032645	254	194	43.30357143
6	14936283	195	153	43.96551724
6	15466219	111	75	40.32258065
6	17157468	107	69	39.20454545
6	19561406	172	118	40.68965517
6	19785675	58	52	47.27272727
6	19841261	80	60	42.85714286
6	20475751	164	118	41.84397163
6	20566826	185	164	46.99140401
6	21388453	107	96	47.29064039
6	21441953	159	168	51.37614679
6	23419647	34	31	47.69230769
6	26266881	79	59	42.75362319
6	27568156	109	109	50
6	39358087	77	116	60.10362694
6	40894436	79	71	47.33333333
6	45976268	56	55	49.54954955
6	47367950	207	219	51.4084507
6	49214534	55	51	48.11320755
6	49931994	153	136	47.05882353
6	50383279	117	96	45.07042254
6	50418850	264	210	44.30379747
6	50546004	157	140	47.13804714
6	50836812	123	121	49.59016393
6	51393428	122	125	50.60728745
6	51491535	254	211	45.37634409
6	54726091	164	148	47.43589744
6	56451051	64	68	51.51515152
6	63588956	143	135	48.56115108
6	63591510	60	76	55.88235294
6	65550178	102	90	46.875
6	65876568	95	95	50
6	66744824	349	351	50.14285714
6	67294686	87	106	54.92227979
6	67530373	123	106	46.28820961
6	67659687	42	24	36.36363636
6	69106350	132	96	42.10526316
6	70009653	80	62	43.66197183
6	71038020	107	71	39.88764045
6	71594192	128	96	42.85714286
6	79122514	50	54	51.92307692
6	80415360	127	171	57.38255034
6	80494220	105	17	13.93442623
6	81025591	126	105	45.45454545
6	81705506	192	114	37.25490196
6	81954815	59	61	50.83333333
6	82231471	196	176	47.31182796
6	84365897	77	57	42.53731343
6	87718208	39	36	48
6	91575727	186	161	46.39769452
6	91701175	140	45	24.32432432
6	91860476	94	91	49.18918919
6	92927138	91	49	35
6	92995698	177	173	49.42857143
6	93206099	139	137	49.63768116
6	94377485	87	78	47.27272727
6	94721728	42	24	36.36363636
6	96154631	128	88	40.74074074
6	97584355	280	205	42.26804124
6	98647775	198	174	46.77419355
6	102201060	79	62	43.97163121
6	102242866	73	61	45.52238806
6	102466735	138	106	43.44262295
6	102574789	80	72	47.36842105
6	103289235	53	50	48.54368932
6	103473363	29	24	45.28301887
6	104858928	88	78	46.98795181
6	106165491	134	88	39.63963964
6	107767977	45	33	42.30769231
6	109259065	84	65	43.62416107
6	115296513	134	113	45.74898785
6	115722141	75	60	44.44444444
6	115754362	379	53	12.26851852
6	120739224	123	91	42.52336449
6	121122718	128	103	44.58874459
6	121133850	195	146	42.81524927
6	123057625	129	82	38.86255924
6	129248658	97	48	33.10344828
6	136190544	151	136	47.38675958
6	136816314	265	30	10.16949153
6	140572965	184	150	44.91017964
6	141945193	42	33	44
6	143091315	98	95	49.22279793
6	143958412	111	113	50.44642857
6	144816792	35	35	50
6	147061183	223	162	42.07792208
6	147448119	109	98	47.34299517
6	147591624	69	57	45.23809524
6	148222145	288	192	40
6	153398099	145	136	48.39857651
6	157233469	202	160	44.19889503
6	157484156	75	53	41.40625
6	160020247	93	120	56.33802817
6	162719419	179	184	50.68870523
6	162741295	94	108	53.46534653
6	169234502	156	164	51.25
7	8469057	194	97	33.33333333
7	11294578	306	133	30.29612756
7	11470782	343	160	31.80914513
7	11617504	137	41	23.03370787
7	12248945	75	33	30.55555556
7	12636146	169	68	28.69198312
7	13056174	118	230	66.09195402
7	14705528	131	267	67.08542714
7	14861797	300	153	33.77483444
7	17720780	418	247	37.14285714
7	18466643	105	41	28.08219178
7	20328208	104	50	32.46753247
7	31462636	242	109	31.05413105
7	31777216	101	61	37.65432099
7	34452156	458	199	30.2891933
7	39038045	174	113	39.3728223
7	41115545	302	149	33.03769401
7	42201633	613	287	31.88888889
7	43565877	316	148	31.89655172
7	45931597	253	134	34.625323
7	46213221	216	91	29.64169381
7	52311240	32	80	71.42857143
7	53573496	172	89	34.09961686
7	53634491	152	66	30.27522936
7	57246239	98	148	60.16260163
7	57747886	473	87	15.53571429
7	62103953	104	42	28.76712329
7	68249638	110	63	36.41618497
7	70936325	247	115	31.7679558
7	71259258	195	97	33.21917808
7	73487501	126	39	23.63636364
7	78425842	105	72	40.6779661
7	78666973	72	89	55.27950311
7	79255348	99	218	68.76971609
7	81609191	213	88	29.2358804
7	81709211	148	80	35.0877193
7	81712070	265	121	31.34715026
7	82226640	127	55	30.21978022
7	83058308	27	51	65.38461538
7	84127242	167	65	28.01724138
7	84338525	90	133	59.64125561
7	84696971	79	99	55.61797753
7	88050915	295	120	28.91566265
7	88749761	213	113	34.66257669
7	89160433	92	137	59.82532751
7	89223163	201	63	23.86363636
7	92171672	123	73	37.24489796
7	94862958	190	77	28.83895131
7	101254754	67	24	26.37362637
7	107118196	338	150	30.73770492
7	108836642	763	316	29.28637627
7	111172626	149	58	28.01932367
7	111614660	222	109	32.9305136
7	118679911	91	44	32.59259259
7	119815071	129	53	29.12087912
7	121793598	109	55	33.53658537
7	122123687	231	127	35.47486034
7	127597245	111	52	31.90184049
7	130284545	96	41	29.9270073
7	136816973	313	199	38.8671875
7	137835106	140	248	63.91752577
7	137966326	234	80	25.47770701
7	138652725	71	141	66.50943396
7	139583296	89	42	32.0610687
7	140797006	472	244	34.07821229
7	141804605	269	154	36.40661939
7	143501274	210	92	30.46357616
7	145471500	95	44	31.65467626
7	145946260	114	216	65.45454545
7	145956102	76	114	60
7	146963585	128	232	64.44444444
7	147473294	179	111	38.27586207
7	148965262	134	57	29.84293194
7	151089905	142	64	31.06796117
7	153023992	211	116	35.47400612
7	153643626	302	140	31.67420814
7	158077441	56	27	32.53012048
8	550293	79	21	21
8	1025209	38	213	84.86055777
8	5341131	21	129	86
8	5709862	22	143	86.66666667
8	9172020	25	167	86.97916667
8	12744498	18	115	86.46616541
8	15004815	30	153	83.60655738
8	15533267	9	97	91.50943396
8	20726318	108	36	25
8	24710795	89	17	16.03773585
8	28626194	20	105	84
8	34550567	18	86	82.69230769
8	35642492	96	86	47.25274725
8	37580338	15	124	89.20863309
8	39552343	111	54	32.72727273
8	49150538	241	198	45.10250569
8	49399996	119	125	51.2295082
8	54236081	75	52	40.94488189
8	57258007	74	65	46.76258993
8	58629251	94	97	50.78534031
8	59534101	168	113	40.21352313
8	67583990	32	44	57.89473684
8	68305542	48	34	41.46341463
8	70409047	170	131	43.52159468
8	72328325	43	51	54.25531915
8	73075511	102	106	50.96153846
8	73771355	122	99	44.79638009
8	76272032	287	270	48.47396768
8	77799332	72	61	45.86466165
8	78179646	95	83	46.62921348
8	78455337	90	73	44.78527607
8	84054522	127	115	47.52066116
8	84486318	75	55	42.30769231
8	85285153	41	25	37.87878788
8	87426264	44	50	53.19148936
8	90406565	101	14	12.17391304
8	90610283	62	55	47.00854701
8	91156148	126	114	47.5
8	91239368	90	98	52.12765957
8	92990768	76	75	49.66887417
8	93310706	99	75	43.10344828
8	95894579	83	52	38.51851852
8	99615424	164	149	47.60383387
8	103966632	107	88	45.12820513
8	105513537	144	144	50
8	106184104	144	112	43.75
8	106305582	47	34	41.97530864
8	106659113	59	59	50
8	109728771	198	163	45.15235457
8	111209801	182	30	14.1509434
8	112160193	166	174	51.17647059
8	112266364	79	82	50.93167702
8	112413665	154	89	36.6255144
8	112793001	82	87	51.47928994
8	112965773	144	119	45.24714829
8	113651344	226	199	46.82352941
8	113658810	43	42	49.41176471
8	114052571	92	26	22.03389831
8	114356344	54	30	35.71428571
8	116357104	174	173	49.85590778
8	117607839	151	102	40.31620553
8	119317561	308	275	47.16981132
8	119710298	87	72	45.28301887
8	122312651	129	116	47.34693878
8	122685149	172	120	41.09589041
8	127747533	284	225	44.2043222
8	129407432	295	105	26.25
8	133093573	77	62	44.60431655
8	134174801	111	99	47.14285714
8	136479209	254	195	43.4298441
8	137981112	128	73	36.31840796
8	139423069	115	84	42.21105528
8	139561365	147	130	46.93140794
8	139663884	97	83	46.11111111
8	139893420	94	86	47.77777778
8	145800929	115	122	51.47679325
9	8010776	85	46	35.11450382
9	8216798	214	108	33.54037267
9	8493545	79	40	33.61344538
9	8598935	131	224	63.09859155
9	9063276	179	304	62.93995859
9	9587060	153	259	62.86407767
9	10354737	212	94	30.71895425
9	10539245	382	150	28.19548872
9	10631207	351	131	27.17842324
9	10868489	345	99	22.2972973
9	11938353	132	74	35.9223301
9	13048800	204	327	61.5819209
9	13232166	76	129	62.92682927
9	15252633	92	131	58.74439462
9	15718742	251	123	32.88770053
9	17698444	50	87	63.50364964
9	17900276	5	114	95.79831933
9	18132492	87	127	59.34579439
9	18186370	240	123	33.88429752
9	19487549	279	139	33.25358852
9	22608457	246	105	29.91452991
9	23466554	144	67	31.7535545
9	23794792	137	218	61.4084507
9	24314520	155	241	60.85858586
9	24457332	114	61	34.85714286
9	24744532	306	151	33.04157549
9	24821686	108	186	63.26530612
9	25336421	184	102	35.66433566
9	26731727	481	208	30.18867925
9	27276493	287	137	32.31132075
9	28857013	89	150	62.76150628
9	29609562	49	73	59.83606557
9	30015564	118	227	65.79710145
9	30196300	92	25	21.36752137
9	30437850	154	279	64.43418014
9	32695798	69	48	41.02564103
9	34113021	141	62	30.54187192
9	73665308	173	82	32.15686275
9	76217022	233	99	29.81927711
9	80851789	134	222	62.35955056
9	81542877	122	50	29.06976744
9	81603452	379	643	62.91585127
9	82950891	58	109	65.26946108
9	83593739	329	143	30.29661017
9	85490445	148	94	38.84297521
9	88338417	249	161	39.26829268
9	89014223	549	216	28.23529412
9	91026745	310	134	30.18018018
9	92702735	298	119	28.53717026
9	93360308	139	207	59.8265896
9	95272185	97	44	31.20567376
9	96784990	99	46	31.72413793
9	96886438	85	30	26.08695652
9	100296896	237	106	30.90379009
9	102863726	152	77	33.62445415
9	103131914	130	75	36.58536585
9	103384735	571	267	31.86157518
9	103771777	282	132	31.88405797
9	104155437	124	58	31.86813187
9	104368850	63	55	46.61016949
9	104599489	114	147	56.32183908
9	104780170	87	30	25.64102564
9	108365092	260	140	35
9	110323328	391	160	29.03811252
9	113043466	145	70	32.55813953
9	119906484	170	279	62.13808463
9	120387568	52	52	50
9	121632972	476	222	31.80515759
9	126310182	53	119	69.18604651
9	128643636	114	50	30.48780488
9	129708079	69	22	24.17582418
9	132346436	215	109	33.64197531
9	134726413	174	75	30.12048193
9	135241176	91	43	32.08955224
10	3225943	70	59	45.73643411
10	7197473	223	27	10.8
10	8755022	212	222	51.15207373
10	9425511	241	176	42.20623501
10	9738273	60	50	45.45454545
10	14659442	119	130	52.20883534
10	18951770	48	28	36.84210526
10	22465061	109	68	38.4180791
10	24555163	69	56	44.8
10	25495221	100	80	44.44444444
10	29117847	123	103	45.57522124
10	30142075	102	110	51.88679245
10	35852115	108	99	47.82608696
10	37599020	84	88	51.1627907
10	44351773	581	70	10.75268817
10	47130538	43	37	46.25
10	55055183	193	200	50.89058524
10	55491206	76	70	47.94520548
10	55515554	36	32	47.05882353
10	55529395	74	52	41.26984127
10	56439941	123	96	43.83561644
10	57867885	118	116	49.57264957
10	58447188	195	182	48.27586207
10	59926416	239	161	40.25
10	62605379	136	104	43.33333333
10	64259554	121	64	34.59459459
10	65862492	131	99	43.04347826
10	65962814	104	85	44.97354497
10	68526996	57	59	50.86206897
10	72147211	209	149	41.62011173
10	76115244	117	94	44.54976303
10	84341901	97	81	45.50561798
10	84496043	102	128	55.65217391
10	86946859	261	221	45.85062241
10	96423037	56	63	52.94117647
10	98360969	121	110	47.61904762
10	102509369	329	266	44.70588235
10	105808899	89	79	47.02380952
10	105830426	92	74	44.57831325
10	107802876	378	291	43.49775785
10	107850944	116	106	47.74774775
10	107857466	134	158	54.10958904
10	107880490	139	116	45.49019608
10	108454718	83	99	54.3956044
10	109023314	138	153	52.57731959
10	109705934	172	155	47.40061162
10	109730501	169	139	45.12987013
10	118047119	73	70	48.95104895
10	118111944	182	121	39.9339934
10	118824305	142	145	50.52264808
10	119227360	98	90	47.87234043
10	121601720	75	77	50.65789474
10	123207368	81	60	42.55319149
10	126428160	42	40	48.7804878
10	127886991	110	117	51.54185022
10	128099522	63	38	37.62376238
10	128352437	141	124	46.79245283
10	130162414	62	11	15.06849315
10	130606737	72	68	48.57142857
11	2693896	59	23	28.04878049
11	9105348	56	75	57.2519084
11	11122121	382	149	28.06026365
11	11445437	104	179	63.25088339
11	18674797	110	67	37.85310734
11	19457950	162	295	64.55142232
11	19781191	222	87	28.15533981
11	21554367	112	181	61.77474403
11	21610460	516	250	32.63707572
11	22353146	114	156	57.77777778
11	23491209	92	162	63.77952756
11	24017077	156	66	29.72972973
11	24805583	115	70	37.83783784
11	24998524	300	137	31.35011442
11	25005348	128	51	28.49162011
11	25435239	156	64	29.09090909
11	27074404	438	236	35.0148368
11	27602216	341	131	27.75423729
11	29613078	266	157	37.11583924
11	31139944	221	138	38.44011142
11	34042231	138	61	30.65326633
11	34320052	168	82	32.8
11	36472204	48	87	64.44444444
11	36912991	380	179	32.02146691
11	37313348	154	243	61.20906801
11	37419338	24	59	71.08433735
11	37531658	71	131	64.85148515
11	38352245	70	98	58.33333333
11	38441181	88	35	28.45528455
11	38610648	153	67	30.45454545
11	38665781	131	61	31.77083333
11	38667382	130	56	30.10752688
11	40289628	176	61	25.73839662
11	41140047	243	163	40.14778325
11	41198856	72	163	69.36170213
11	41373016	392	161	29.11392405
11	41953130	446	174	28.06451613
11	42400310	599	277	31.62100457
11	45538335	158	71	31.00436681
11	47715496	162	83	33.87755102
11	55991449	65	118	64.48087432
11	59553836	87	151	63.44537815
11	68735660	143	55	27.77777778
11	69587859	325	119	26.8018018
11	72421453	348	143	29.12423625
11	75593060	74	37	33.33333333
11	77606918	108	178	62.23776224
11	78283236	68	41	37.6146789
11	79377355	285	161	36.09865471
11	79396695	38	58	60.41666667
11	79406631	477	256	34.92496589
11	79755105	422	132	23.8267148
11	79802863	226	112	33.13609467
11	79916458	52	75	59.05511811
11	79996780	179	344	65.77437859
11	80461656	390	141	26.55367232
11	80538717	62	31	33.33333333
11	83891479	83	159	65.70247934
11	87426668	121	57	32.02247191
11	87509484	100	160	61.53846154
11	88460467	150	258	63.23529412
11	90698628	221	100	31.15264798
11	91225135	104	257	71.19113573
11	92398402	205	82	28.57142857
11	93717402	704	299	29.8105683
11	96668296	135	243	64.28571429
11	99279500	229	118	34.00576369
11	101356749	283	113	28.53535354
11	101704363	71	33	31.73076923
11	104578653	246	97	28.27988338
11	104707843	185	66	26.29482072
11	105660215	161	68	29.69432314
11	105895556	265	100	27.39726027
11	106392273	94	42	30.88235294
11	108412821	424	184	30.26315789
11	112436238	184	232	55.76923077
11	113004185	227	90	28.39116719
11	119465657	102	200	66.22516556
11	122088272	244	106	30.28571429
11	126300325	241	111	31.53409091
11	130884618	379	200	34.54231434
11	133827610	129	51	28.33333333
12	5061640	138	138	50
12	5245162	206	171	45.35809019
12	13703405	351	336	48.90829694
12	15975333	95	68	41.71779141
12	16796825	77	12	13.48314607
12	18117478	55	51	48.11320755
12	18184157	33	33	50
12	21700993	91	64	41.29032258
12	21715297	96	70	42.1686747
12	21911833	255	205	44.56521739
12	23236613	287	242	45.74669187
12	23485517	252	217	46.26865672
12	26439671	159	137	46.28378378
12	29766478	123	84	40.57971014
12	40343170	88	83	48.5380117
12	48783042	63	67	51.53846154
12	57335297	159	130	44.98269896
12	59105711	128	71	35.67839196
12	64754479	78	74	48.68421053
12	68781837	389	50	11.38952164
12	68860018	131	116	46.96356275
12	68965209	254	40	13.60544218
12	69818862	127	89	41.2037037
12	69832024	122	86	41.34615385
12	69833466	92	74	44.57831325
12	69838667	128	106	45.2991453
12	71432554	227	173	43.25
12	75073218	211	131	38.30409357
12	76613943	150	118	44.02985075
12	76885050	61	43	41.34615385
12	78438818	293	204	41.04627767
12	79243623	292	214	42.29249012
12	80593143	157	96	37.94466403
12	81940655	78	75	49.01960784
12	83248018	175	134	43.36569579
12	83259429	130	94	41.96428571
12	84968698	204	174	46.03174603
12	84998435	132	100	43.10344828
12	85157157	186	122	39.61038961
12	86906686	164	148	47.43589744
12	88580049	133	143	51.8115942
12	97921731	287	210	42.25352113
12	98290598	498	49	8.957952468
12	101680280	116	93	44.49760766
12	102029189	73	64	46.71532847
12	104060730	41	31	43.05555556
12	111062821	39	40	50.63291139
12	113165137	229	153	40.05235602
12	113534864	145	95	39.58333333
12	122449373	48	46	48.93617021
12	122679647	86	44	33.84615385
12	124045846	51	61	54.46428571
12	125622558	119	108	47.57709251
12	126519608	60	68	53.125
12	126885123	202	165	44.95912807
12	128403898	65	59	47.58064516
13	21215182	369	374	50.33647376
13	21446492	109	81	42.63157895
13	23592427	71	60	45.80152672
13	27181938	98	74	43.02325581
13	29565261	204	30	12.82051282
13	31486900	130	97	42.73127753
13	33854241	127	83	39.52380952
13	44220628	59	70	54.26356589
13	53719225	86	72	45.56962025
13	54359903	89	126	58.60465116
13	54589273	104	108	50.94339623
13	56001413	40	41	50.61728395
13	56313610	184	190	50.80213904
13	56364829	96	103	51.75879397
13	57325855	46	55	54.45544554
13	57630391	174	129	42.57425743
13	57819468	78	65	45.45454545
13	60415382	143	131	47.81021898
13	61913904	43	41	48.80952381
13	62108727	54	40	42.55319149
13	62130947	43	50	53.76344086
13	64251464	28	48	63.15789474
13	66570642	48	45	48.38709677
13	66753065	59	63	51.63934426
13	67433410	54	45	45.45454545
13	67807822	98	18	15.51724138
13	68536679	293	39	11.74698795
13	68641662	57	49	46.22641509
13	69101320	42	35	45.45454545
13	69155528	58	39	40.20618557
13	69795797	69	56	44.8
13	69820407	148	151	50.50167224
13	70185971	46	40	46.51162791
13	70352012	78	80	50.63291139
13	74381177	80	85	51.51515152
13	74882092	58	37	38.94736842
13	76616170	222	204	47.88732394
13	80168984	39	29	42.64705882
13	80815138	190	134	41.35802469
13	82906312	88	77	46.66666667
13	83105635	70	67	48.90510949
13	83249191	44	37	45.67901235
13	83249277	37	36	49.31506849
13	83277955	75	71	48.63013699
13	83326828	161	153	48.72611465
13	84039759	125	147	54.04411765
13	84065973	114	83	42.1319797
13	84921735	149	121	44.81481481
13	84943540	31	37	54.41176471
13	85148142	104	61	36.96969697
13	85556475	50	28	35.8974359
13	85571188	135	98	42.06008584
13	85747388	62	13	17.33333333
13	87277390	46	37	44.57831325
13	87341615	103	119	53.6036036
13	88254093	33	33	50
13	91763902	195	183	48.41269841
13	92526363	40	38	48.71794872
13	93061837	59	58	49.57264957
13	98453604	212	166	43.91534392
13	100965055	126	118	48.36065574
13	101307271	208	30	12.60504202
13	103332124	158	24	13.18681319
13	104994486	106	72	40.4494382
13	105301687	120	118	49.57983193
13	105540067	281	198	41.33611691
13	106698078	78	87	52.72727273
13	106709688	193	155	44.54022989
13	107119683	124	75	37.68844221
13	108646600	151	109	41.92307692
13	108996271	307	286	48.22934233
13	111628969	147	103	41.2
14	19485085	95	39	29.10447761
14	25571448	113	100	46.94835681
14	26109557	156	35	18.32460733
14	26619100	70	19	21.34831461
14	28044417	115	92	44.44444444
14	28914614	245	184	42.89044289
14	32148716	238	215	47.46136865
14	32214858	558	80	12.53918495
14	32429648	347	286	45.18167457
14	33298837	151	124	45.09090909
14	35326290	85	58	40.55944056
14	36709482	132	115	46.55870445
14	37377551	256	94	26.85714286
14	37401801	207	165	44.35483871
14	39538686	148	117	44.1509434
14	40330653	46	30	39.47368421
14	41608042	65	30	31.57894737
14	42926182	81	85	51.20481928
14	44335142	47	33	41.25
14	47169995	133	113	45.93495935
14	47191319	48	35	42.1686747
14	47191789	29	38	56.71641791
14	51083801	130	112	46.28099174
14	51582822	68	56	45.16129032
14	51899617	151	25	14.20454545
14	53815699	135	134	49.81412639
14	54612378	138	129	48.31460674
14	54971205	103	80	43.71584699
14	61991767	65	58	47.15447154
14	71585994	305	278	47.68439108
14	72171690	208	222	51.62790698
14	75184925	199	202	50.37406484
14	78349225	38	40	51.28205128
14	79083303	111	77	40.95744681
14	79844065	200	223	52.71867612
14	81883598	137	78	36.27906977
14	82024251	282	31	9.904153355
14	83025326	77	75	49.34210526
14	83077673	82	78	48.75
14	83200296	155	147	48.67549669
14	83525809	53	45	45.91836735
14	83895603	105	22	17.32283465
14	84435412	183	157	46.17647059
14	84528021	63	42	40
14	84616894	251	188	42.82460137
14	84728510	74	59	44.36090226
14	84872770	147	150	50.50505051
14	85371750	65	49	42.98245614
14	85747898	141	145	50.6993007
14	85857346	171	174	50.43478261
14	86154374	210	154	42.30769231
14	91508137	64	72	52.94117647
14	94346221	140	104	42.62295082
14	95705702	280	226	44.66403162
14	97507021	73	62	45.92592593
14	105184580	57	42	42.42424242
14	105228855	70	25	26.31578947
14	105398953	57	33	36.66666667
14	106185461	47	33	41.25
14	106249656	110	42	27.63157895
14	106251237	346	121	25.91006424
15	22400975	228	82	26.4516129
15	22790141	266	210	44.11764706
15	23772255	183	50	21.45922747
15	24233492	589	556	48.55895197
15	24244381	335	116	25.72062084
15	25058665	62	20	24.3902439
15	27434080	293	84	22.28116711
15	30228380	596	541	47.58135444
15	31054328	506	170	25.14792899
15	33705458	241	191	44.21296296
15	35008341	300	296	49.66442953
15	36206149	298	82	21.57894737
15	37521098	338	74	17.96116505
15	38989080	224	83	27.03583062
15	39405816	105	62	37.1257485
15	41828212	105	35	25
15	42557381	232	70	23.17880795
15	43881377	428	165	27.82462057
15	44303502	451	339	42.91139241
15	46215124	408	117	22.28571429
15	47567508	256	241	48.49094567
15	49572226	314	101	24.3373494
15	51289359	351	79	18.37209302
15	51465395	224	201	47.29411765
15	51788320	292	240	45.11278195
15	55458364	238	61	20.40133779
15	57877128	82	35	29.91452991
15	60258916	699	239	25.47974414
15	60578484	202	79	28.113879
15	61548316	303	81	21.09375
15	62325932	170	35	17.07317073
15	63573295	466	117	20.06861063
15	64834962	183	55	23.1092437
15	69407652	355	137	27.84552846
15	70077072	94	30	24.19354839
15	81413302	195	66	25.28735632
15	82328918	617	172	21.79974651
15	83147714	164	59	26.4573991
15	85806737	294	319	52.03915171
15	86200059	424	117	21.62661738
15	86212443	470	147	23.82495948
15	87066883	203	68	25.09225092
15	87441204	284	71	20
15	87441314	197	42	17.57322176
15	90748204	107	91	45.95959596
15	91610657	271	106	28.11671088
15	93675638	270	90	25
15	93824334	129	44	25.43352601
15	94697212	67	55	45.08196721
15	95581737	498	136	21.4511041
15	95685812	403	396	49.56195244
15	96805576	114	114	50
15	98525949	197	187	48.69791667
15	99092726	476	143	23.10177706
15	99811137	165	166	50.1510574
16	5414223	125	90	41.86046512
16	6994269	128	88	40.74074074
16	9932879	161	142	46.86468647
16	12297813	61	54	46.95652174
16	15568819	91	74	44.84848485
16	19445590	60	35	36.84210526
16	23109555	90	80	47.05882353
16	26124788	164	117	41.63701068
16	45626271	89	31	25.83333333
16	50526734	144	81	36
16	50946574	147	153	51
16	50955364	134	28	17.28395062
16	51002205	246	212	46.28820961
16	54094173	159	124	43.81625442
16	58701711	57	49	46.22641509
16	59566781	97	41	29.71014493
16	59957268	71	58	44.96124031
16	60072796	54	51	48.57142857
16	60701762	427	46	9.725158562
16	60768363	110	132	54.54545455
16	61206846	211	146	40.89635854
16	61213832	87	87	50
16	63371380	133	88	39.81900452
16	63810978	75	86	53.41614907
16	72852932	109	126	53.61702128
16	77133718	350	38	9.793814433
16	86019347	61	28	31.46067416
17	4382894	44	24	35.29411765
17	11064378	173	122	41.3559322
17	22027894	82	83	50.3030303
17	23175522	251	167	39.95215311
17	26601517	60	48	44.44444444
17	28376941	320	256	44.44444444
17	29050557	299	291	49.3220339
17	30163950	84	76	47.5
17	36776474	43	32	42.66666667
17	37256971	95	73	43.45238095
17	48035744	82	66	44.59459459
17	48150253	53	57	51.81818182
17	48951790	57	54	48.64864865
17	50560924	206	154	42.77777778
17	56736596	280	48	14.63414634
17	63206101	200	143	41.6909621
17	63242497	115	95	45.23809524
17	65210975	73	60	45.11278195
17	74064680	155	103	39.92248062
17	78454114	80	75	48.38709677
18	1083983	32	59	64.83516484
18	4633584	158	294	65.04424779
18	5751696	572	287	33.41094296
18	6758432	123	44	26.34730539
18	9056408	223	105	32.01219512
18	9921078	65	25	27.77777778
18	17982349	139	49	26.06382979
18	18297388	134	256	65.64102564
18	22688746	253	110	30.3030303
18	24036835	230	100	30.3030303
18	24487223	268	125	31.80661578
18	24617319	74	43	36.75213675
18	24757940	116	147	55.89353612
18	25021327	150	68	31.19266055
18	25351882	61	102	62.57668712
18	25451434	52	86	62.31884058
18	25764450	160	233	59.28753181
18	30996582	279	540	65.93406593
18	32181307	38	79	67.52136752
18	32360995	234	115	32.9512894
18	32793040	99	43	30.28169014
18	32955753	126	275	68.57855362
18	33106495	81	39	32.5
18	35476992	99	168	62.92134831
18	36509669	182	100	35.46099291
18	36543160	381	38	9.069212411
18	36753141	95	138	59.22746781
18	37368007	567	99	14.86486486
18	38140108	472	250	34.62603878
18	38604735	141	65	31.55339806
18	39776808	72	158	68.69565217
18	43823042	75	100	57.14285714
18	44591423	73	101	58.04597701
18	47989539	82	165	66.80161943
18	49193243	197	111	36.03896104
18	49210828	179	96	34.90909091
18	50201482	400	193	32.54637437
18	52037909	350	146	29.43548387
18	54042988	300	174	36.70886076
18	60059267	240	401	62.55850234
18	61285244	111	208	65.20376176
18	61324474	129	207	61.60714286
18	61640879	43	85	66.40625
18	61917808	30	79	72.47706422
18	62167236	70	39	35.77981651
18	62282352	129	58	31.01604278
18	62473978	153	85	35.71428571
18	62779250	77	134	63.507109
18	63028207	70	35	33.33333333
18	63048304	94	209	68.97689769
18	63126093	23	51	68.91891892
18	63442807	126	77	37.93103448
18	63745523	125	55	30.55555556
18	64228473	112	170	60.28368794
18	64296894	122	79	39.30348259
18	66632352	87	127	59.34579439
18	66666372	529	269	33.70927318
18	66667353	257	453	63.8028169
18	67015281	93	120	56.33802817
18	67330121	120	168	58.33333333
18	68443411	128	237	64.93150685
18	70909976	71	144	66.97674419
18	70911632	105	51	32.69230769
18	71372577	180	252	58.33333333
18	71618946	210	105	33.33333333
18	72380005	139	232	62.53369272
18	74151247	403	183	31.22866894
18	74806753	170	87	33.85214008
19	3445543	68	28	29.16666667
19	4254061	113	64	36.15819209
19	7311087	108	45	29.41176471
19	18476867	214	63	22.74368231
19	20567948	91	114	55.6097561
19	21379554	112	61	35.26011561
19	21910433	67	106	61.2716763
19	22046091	134	86	39.09090909
19	22606935	150	97	39.27125506
19	33586911	136	137	50.18315018
19	40009098	310	285	47.89915966
19	40124594	136	85	38.46153846
19	51236080	133	187	58.4375
20	3091951	48	39	44.82758621
20	7427285	102	72	41.37931034
20	9101882	275	209	43.18181818
20	9935965	47	38	44.70588235
20	10282266	123	114	48.10126582
20	10983207	197	158	44.50704225
20	11513547	52	56	51.85185185
20	11557656	118	148	55.63909774
20	11570210	136	88	39.28571429
20	12381588	83	82	49.6969697
20	12822530	195	41	17.37288136
20	14452293	149	123	45.22058824
20	15871093	181	129	41.61290323
20	16052820	169	126	42.71186441
20	16526511	66	66	50
20	17017148	267	226	45.84178499
20	22190411	197	112	36.24595469
20	22274364	207	175	45.81151832
20	22387369	211	188	47.11779449
20	22889108	399	361	47.5
20	24503477	132	131	49.80988593
20	25506099	96	56	36.84210526
20	29578092	63	48	43.24324324
20	37120978	155	117	43.01470588
20	37634990	64	80	55.55555556
20	38937186	176	168	48.8372093
20	40810459	385	361	48.39142091
20	41195028	72	56	43.75
20	43786651	115	89	43.62745098
20	45210775	157	123	43.92857143
20	46126538	67	69	50.73529412
20	48965721	59	61	50.83333333
20	50769558	102	115	52.99539171
20	53050867	158	178	52.97619048
20	53233909	198	110	35.71428571
20	53370840	168	162	49.09090909
20	55279219	89	70	44.02515723
20	56201622	124	53	29.94350282
20	56969695	93	81	46.55172414
20	62308695	43	39	47.56097561
20	62310837	87	66	43.1372549
21	15501652	381	111	22.56097561
21	15932763	103	93	47.44897959
21	16729908	222	74	25
21	16732007	350	128	26.77824268
21	18971138	120	36	23.07692308
21	18977948	403	384	48.79288437
21	19320940	237	210	46.97986577
21	19439176	139	92	39.82683983
21	21145532	442	131	22.86212914
21	21236421	384	111	22.42424242
21	21577951	265	64	19.45288754
21	21721373	189	125	39.8089172
21	21788879	152	61	28.63849765
21	23115468	145	165	53.22580645
21	23307766	603	181	23.08673469
21	23669252	204	73	26.35379061
21	23999838	128	158	55.24475524
21	26151129	510	142	21.7791411
21	26946825	184	172	48.31460674
21	27249155	213	205	49.0430622
21	27986919	353	152	30.0990099
21	28270471	228	216	48.64864865
21	29388238	273	80	22.66288952
21	30622147	332	121	26.71081678
21	30626341	424	87	17.02544031
21	32056963	136	135	49.81549815
21	33205774	229	44	16.11721612
21	33369254	173	43	19.90740741
21	35756033	361	304	45.71428571
21	36065965	477	340	41.61566707
21	36463136	58	67	53.6
21	36866069	266	107	28.68632708
21	37522836	194	74	27.6119403
21	38199045	293	277	48.59649123
21	40760666	279	85	23.35164835
21	41297255	449	145	24.41077441
21	41619655	165	129	43.87755102
21	43468286	73	22	23.15789474
22	21406587	321	189	37.05882353
22	21553155	55	51	48.11320755
22	21554148	119	88	42.51207729
22	21557832	97	40	29.19708029
22	21560520	41	67	62.03703704
22	21561118	53	102	65.80645161
22	24453578	73	69	48.5915493
22	27787695	54	45	45.45454545
22	36087163	39	33	45.83333333
